{
 "cells": [
  {
   "cell_type": "code",
   "execution_count": 173,
   "id": "e0512c6a",
   "metadata": {},
   "outputs": [],
   "source": [
    "import pandas as pd\n",
    "import numpy as np\n",
    "import seaborn as sns\n",
    "import matplotlib.pyplot as plt\n",
    "sns.set_theme()\n",
    "sns.set(rc={'figure.figsize': (12, 7)})\n",
    "\n",
    "import warnings\n",
    "warnings.filterwarnings('ignore')"
   ]
  },
  {
   "cell_type": "code",
   "execution_count": 174,
   "id": "043bed1b",
   "metadata": {},
   "outputs": [],
   "source": [
    "from sklearn.datasets import load_boston"
   ]
  },
  {
   "cell_type": "code",
   "execution_count": 175,
   "id": "68c77525",
   "metadata": {},
   "outputs": [],
   "source": [
    "boston=load_boston()"
   ]
  },
  {
   "cell_type": "code",
   "execution_count": 176,
   "id": "fd0a51da",
   "metadata": {},
   "outputs": [
    {
     "data": {
      "text/plain": [
       "dict_keys(['data', 'target', 'feature_names', 'DESCR', 'filename'])"
      ]
     },
     "execution_count": 176,
     "metadata": {},
     "output_type": "execute_result"
    }
   ],
   "source": [
    "boston.keys()"
   ]
  },
  {
   "cell_type": "code",
   "execution_count": 177,
   "id": "e6e79b18",
   "metadata": {},
   "outputs": [
    {
     "name": "stdout",
     "output_type": "stream",
     "text": [
      ".. _boston_dataset:\n",
      "\n",
      "Boston house prices dataset\n",
      "---------------------------\n",
      "\n",
      "**Data Set Characteristics:**  \n",
      "\n",
      "    :Number of Instances: 506 \n",
      "\n",
      "    :Number of Attributes: 13 numeric/categorical predictive. Median Value (attribute 14) is usually the target.\n",
      "\n",
      "    :Attribute Information (in order):\n",
      "        - CRIM     per capita crime rate by town\n",
      "        - ZN       proportion of residential land zoned for lots over 25,000 sq.ft.\n",
      "        - INDUS    proportion of non-retail business acres per town\n",
      "        - CHAS     Charles River dummy variable (= 1 if tract bounds river; 0 otherwise)\n",
      "        - NOX      nitric oxides concentration (parts per 10 million)\n",
      "        - RM       average number of rooms per dwelling\n",
      "        - AGE      proportion of owner-occupied units built prior to 1940\n",
      "        - DIS      weighted distances to five Boston employment centres\n",
      "        - RAD      index of accessibility to radial highways\n",
      "        - TAX      full-value property-tax rate per $10,000\n",
      "        - PTRATIO  pupil-teacher ratio by town\n",
      "        - B        1000(Bk - 0.63)^2 where Bk is the proportion of blacks by town\n",
      "        - LSTAT    % lower status of the population\n",
      "        - MEDV     Median value of owner-occupied homes in $1000's\n",
      "\n",
      "    :Missing Attribute Values: None\n",
      "\n",
      "    :Creator: Harrison, D. and Rubinfeld, D.L.\n",
      "\n",
      "This is a copy of UCI ML housing dataset.\n",
      "https://archive.ics.uci.edu/ml/machine-learning-databases/housing/\n",
      "\n",
      "\n",
      "This dataset was taken from the StatLib library which is maintained at Carnegie Mellon University.\n",
      "\n",
      "The Boston house-price data of Harrison, D. and Rubinfeld, D.L. 'Hedonic\n",
      "prices and the demand for clean air', J. Environ. Economics & Management,\n",
      "vol.5, 81-102, 1978.   Used in Belsley, Kuh & Welsch, 'Regression diagnostics\n",
      "...', Wiley, 1980.   N.B. Various transformations are used in the table on\n",
      "pages 244-261 of the latter.\n",
      "\n",
      "The Boston house-price data has been used in many machine learning papers that address regression\n",
      "problems.   \n",
      "     \n",
      ".. topic:: References\n",
      "\n",
      "   - Belsley, Kuh & Welsch, 'Regression diagnostics: Identifying Influential Data and Sources of Collinearity', Wiley, 1980. 244-261.\n",
      "   - Quinlan,R. (1993). Combining Instance-Based and Model-Based Learning. In Proceedings on the Tenth International Conference of Machine Learning, 236-243, University of Massachusetts, Amherst. Morgan Kaufmann.\n",
      "\n"
     ]
    }
   ],
   "source": [
    "print(boston.DESCR)"
   ]
  },
  {
   "cell_type": "code",
   "execution_count": 178,
   "id": "c68eb341",
   "metadata": {},
   "outputs": [],
   "source": [
    "df = pd.DataFrame(boston.data, columns=boston.feature_names)"
   ]
  },
  {
   "cell_type": "code",
   "execution_count": 179,
   "id": "66d15449",
   "metadata": {},
   "outputs": [
    {
     "data": {
      "text/html": [
       "<div>\n",
       "<style scoped>\n",
       "    .dataframe tbody tr th:only-of-type {\n",
       "        vertical-align: middle;\n",
       "    }\n",
       "\n",
       "    .dataframe tbody tr th {\n",
       "        vertical-align: top;\n",
       "    }\n",
       "\n",
       "    .dataframe thead th {\n",
       "        text-align: right;\n",
       "    }\n",
       "</style>\n",
       "<table border=\"1\" class=\"dataframe\">\n",
       "  <thead>\n",
       "    <tr style=\"text-align: right;\">\n",
       "      <th></th>\n",
       "      <th>CRIM</th>\n",
       "      <th>ZN</th>\n",
       "      <th>INDUS</th>\n",
       "      <th>CHAS</th>\n",
       "      <th>NOX</th>\n",
       "      <th>RM</th>\n",
       "      <th>AGE</th>\n",
       "      <th>DIS</th>\n",
       "      <th>RAD</th>\n",
       "      <th>TAX</th>\n",
       "      <th>PTRATIO</th>\n",
       "      <th>B</th>\n",
       "      <th>LSTAT</th>\n",
       "    </tr>\n",
       "  </thead>\n",
       "  <tbody>\n",
       "    <tr>\n",
       "      <th>0</th>\n",
       "      <td>0.00632</td>\n",
       "      <td>18.0</td>\n",
       "      <td>2.31</td>\n",
       "      <td>0.0</td>\n",
       "      <td>0.538</td>\n",
       "      <td>6.575</td>\n",
       "      <td>65.2</td>\n",
       "      <td>4.0900</td>\n",
       "      <td>1.0</td>\n",
       "      <td>296.0</td>\n",
       "      <td>15.3</td>\n",
       "      <td>396.90</td>\n",
       "      <td>4.98</td>\n",
       "    </tr>\n",
       "    <tr>\n",
       "      <th>1</th>\n",
       "      <td>0.02731</td>\n",
       "      <td>0.0</td>\n",
       "      <td>7.07</td>\n",
       "      <td>0.0</td>\n",
       "      <td>0.469</td>\n",
       "      <td>6.421</td>\n",
       "      <td>78.9</td>\n",
       "      <td>4.9671</td>\n",
       "      <td>2.0</td>\n",
       "      <td>242.0</td>\n",
       "      <td>17.8</td>\n",
       "      <td>396.90</td>\n",
       "      <td>9.14</td>\n",
       "    </tr>\n",
       "    <tr>\n",
       "      <th>2</th>\n",
       "      <td>0.02729</td>\n",
       "      <td>0.0</td>\n",
       "      <td>7.07</td>\n",
       "      <td>0.0</td>\n",
       "      <td>0.469</td>\n",
       "      <td>7.185</td>\n",
       "      <td>61.1</td>\n",
       "      <td>4.9671</td>\n",
       "      <td>2.0</td>\n",
       "      <td>242.0</td>\n",
       "      <td>17.8</td>\n",
       "      <td>392.83</td>\n",
       "      <td>4.03</td>\n",
       "    </tr>\n",
       "    <tr>\n",
       "      <th>3</th>\n",
       "      <td>0.03237</td>\n",
       "      <td>0.0</td>\n",
       "      <td>2.18</td>\n",
       "      <td>0.0</td>\n",
       "      <td>0.458</td>\n",
       "      <td>6.998</td>\n",
       "      <td>45.8</td>\n",
       "      <td>6.0622</td>\n",
       "      <td>3.0</td>\n",
       "      <td>222.0</td>\n",
       "      <td>18.7</td>\n",
       "      <td>394.63</td>\n",
       "      <td>2.94</td>\n",
       "    </tr>\n",
       "    <tr>\n",
       "      <th>4</th>\n",
       "      <td>0.06905</td>\n",
       "      <td>0.0</td>\n",
       "      <td>2.18</td>\n",
       "      <td>0.0</td>\n",
       "      <td>0.458</td>\n",
       "      <td>7.147</td>\n",
       "      <td>54.2</td>\n",
       "      <td>6.0622</td>\n",
       "      <td>3.0</td>\n",
       "      <td>222.0</td>\n",
       "      <td>18.7</td>\n",
       "      <td>396.90</td>\n",
       "      <td>5.33</td>\n",
       "    </tr>\n",
       "  </tbody>\n",
       "</table>\n",
       "</div>"
      ],
      "text/plain": [
       "      CRIM    ZN  INDUS  CHAS    NOX     RM   AGE     DIS  RAD    TAX  \\\n",
       "0  0.00632  18.0   2.31   0.0  0.538  6.575  65.2  4.0900  1.0  296.0   \n",
       "1  0.02731   0.0   7.07   0.0  0.469  6.421  78.9  4.9671  2.0  242.0   \n",
       "2  0.02729   0.0   7.07   0.0  0.469  7.185  61.1  4.9671  2.0  242.0   \n",
       "3  0.03237   0.0   2.18   0.0  0.458  6.998  45.8  6.0622  3.0  222.0   \n",
       "4  0.06905   0.0   2.18   0.0  0.458  7.147  54.2  6.0622  3.0  222.0   \n",
       "\n",
       "   PTRATIO       B  LSTAT  \n",
       "0     15.3  396.90   4.98  \n",
       "1     17.8  396.90   9.14  \n",
       "2     17.8  392.83   4.03  \n",
       "3     18.7  394.63   2.94  \n",
       "4     18.7  396.90   5.33  "
      ]
     },
     "execution_count": 179,
     "metadata": {},
     "output_type": "execute_result"
    }
   ],
   "source": [
    "df.head()"
   ]
  },
  {
   "cell_type": "code",
   "execution_count": 180,
   "id": "a1fe5e21",
   "metadata": {},
   "outputs": [],
   "source": [
    "df['target']=boston.target"
   ]
  },
  {
   "cell_type": "code",
   "execution_count": 181,
   "id": "796da523",
   "metadata": {
    "scrolled": true
   },
   "outputs": [
    {
     "data": {
      "text/html": [
       "<div>\n",
       "<style scoped>\n",
       "    .dataframe tbody tr th:only-of-type {\n",
       "        vertical-align: middle;\n",
       "    }\n",
       "\n",
       "    .dataframe tbody tr th {\n",
       "        vertical-align: top;\n",
       "    }\n",
       "\n",
       "    .dataframe thead th {\n",
       "        text-align: right;\n",
       "    }\n",
       "</style>\n",
       "<table border=\"1\" class=\"dataframe\">\n",
       "  <thead>\n",
       "    <tr style=\"text-align: right;\">\n",
       "      <th></th>\n",
       "      <th>CRIM</th>\n",
       "      <th>ZN</th>\n",
       "      <th>INDUS</th>\n",
       "      <th>CHAS</th>\n",
       "      <th>NOX</th>\n",
       "      <th>RM</th>\n",
       "      <th>AGE</th>\n",
       "      <th>DIS</th>\n",
       "      <th>RAD</th>\n",
       "      <th>TAX</th>\n",
       "      <th>PTRATIO</th>\n",
       "      <th>B</th>\n",
       "      <th>LSTAT</th>\n",
       "      <th>target</th>\n",
       "    </tr>\n",
       "  </thead>\n",
       "  <tbody>\n",
       "    <tr>\n",
       "      <th>CRIM</th>\n",
       "      <td>1.000000</td>\n",
       "      <td>-0.200469</td>\n",
       "      <td>0.406583</td>\n",
       "      <td>-0.055892</td>\n",
       "      <td>0.420972</td>\n",
       "      <td>-0.219247</td>\n",
       "      <td>0.352734</td>\n",
       "      <td>-0.379670</td>\n",
       "      <td>0.625505</td>\n",
       "      <td>0.582764</td>\n",
       "      <td>0.289946</td>\n",
       "      <td>-0.385064</td>\n",
       "      <td>0.455621</td>\n",
       "      <td>-0.388305</td>\n",
       "    </tr>\n",
       "    <tr>\n",
       "      <th>ZN</th>\n",
       "      <td>-0.200469</td>\n",
       "      <td>1.000000</td>\n",
       "      <td>-0.533828</td>\n",
       "      <td>-0.042697</td>\n",
       "      <td>-0.516604</td>\n",
       "      <td>0.311991</td>\n",
       "      <td>-0.569537</td>\n",
       "      <td>0.664408</td>\n",
       "      <td>-0.311948</td>\n",
       "      <td>-0.314563</td>\n",
       "      <td>-0.391679</td>\n",
       "      <td>0.175520</td>\n",
       "      <td>-0.412995</td>\n",
       "      <td>0.360445</td>\n",
       "    </tr>\n",
       "    <tr>\n",
       "      <th>INDUS</th>\n",
       "      <td>0.406583</td>\n",
       "      <td>-0.533828</td>\n",
       "      <td>1.000000</td>\n",
       "      <td>0.062938</td>\n",
       "      <td>0.763651</td>\n",
       "      <td>-0.391676</td>\n",
       "      <td>0.644779</td>\n",
       "      <td>-0.708027</td>\n",
       "      <td>0.595129</td>\n",
       "      <td>0.720760</td>\n",
       "      <td>0.383248</td>\n",
       "      <td>-0.356977</td>\n",
       "      <td>0.603800</td>\n",
       "      <td>-0.483725</td>\n",
       "    </tr>\n",
       "    <tr>\n",
       "      <th>CHAS</th>\n",
       "      <td>-0.055892</td>\n",
       "      <td>-0.042697</td>\n",
       "      <td>0.062938</td>\n",
       "      <td>1.000000</td>\n",
       "      <td>0.091203</td>\n",
       "      <td>0.091251</td>\n",
       "      <td>0.086518</td>\n",
       "      <td>-0.099176</td>\n",
       "      <td>-0.007368</td>\n",
       "      <td>-0.035587</td>\n",
       "      <td>-0.121515</td>\n",
       "      <td>0.048788</td>\n",
       "      <td>-0.053929</td>\n",
       "      <td>0.175260</td>\n",
       "    </tr>\n",
       "    <tr>\n",
       "      <th>NOX</th>\n",
       "      <td>0.420972</td>\n",
       "      <td>-0.516604</td>\n",
       "      <td>0.763651</td>\n",
       "      <td>0.091203</td>\n",
       "      <td>1.000000</td>\n",
       "      <td>-0.302188</td>\n",
       "      <td>0.731470</td>\n",
       "      <td>-0.769230</td>\n",
       "      <td>0.611441</td>\n",
       "      <td>0.668023</td>\n",
       "      <td>0.188933</td>\n",
       "      <td>-0.380051</td>\n",
       "      <td>0.590879</td>\n",
       "      <td>-0.427321</td>\n",
       "    </tr>\n",
       "    <tr>\n",
       "      <th>RM</th>\n",
       "      <td>-0.219247</td>\n",
       "      <td>0.311991</td>\n",
       "      <td>-0.391676</td>\n",
       "      <td>0.091251</td>\n",
       "      <td>-0.302188</td>\n",
       "      <td>1.000000</td>\n",
       "      <td>-0.240265</td>\n",
       "      <td>0.205246</td>\n",
       "      <td>-0.209847</td>\n",
       "      <td>-0.292048</td>\n",
       "      <td>-0.355501</td>\n",
       "      <td>0.128069</td>\n",
       "      <td>-0.613808</td>\n",
       "      <td>0.695360</td>\n",
       "    </tr>\n",
       "    <tr>\n",
       "      <th>AGE</th>\n",
       "      <td>0.352734</td>\n",
       "      <td>-0.569537</td>\n",
       "      <td>0.644779</td>\n",
       "      <td>0.086518</td>\n",
       "      <td>0.731470</td>\n",
       "      <td>-0.240265</td>\n",
       "      <td>1.000000</td>\n",
       "      <td>-0.747881</td>\n",
       "      <td>0.456022</td>\n",
       "      <td>0.506456</td>\n",
       "      <td>0.261515</td>\n",
       "      <td>-0.273534</td>\n",
       "      <td>0.602339</td>\n",
       "      <td>-0.376955</td>\n",
       "    </tr>\n",
       "    <tr>\n",
       "      <th>DIS</th>\n",
       "      <td>-0.379670</td>\n",
       "      <td>0.664408</td>\n",
       "      <td>-0.708027</td>\n",
       "      <td>-0.099176</td>\n",
       "      <td>-0.769230</td>\n",
       "      <td>0.205246</td>\n",
       "      <td>-0.747881</td>\n",
       "      <td>1.000000</td>\n",
       "      <td>-0.494588</td>\n",
       "      <td>-0.534432</td>\n",
       "      <td>-0.232471</td>\n",
       "      <td>0.291512</td>\n",
       "      <td>-0.496996</td>\n",
       "      <td>0.249929</td>\n",
       "    </tr>\n",
       "    <tr>\n",
       "      <th>RAD</th>\n",
       "      <td>0.625505</td>\n",
       "      <td>-0.311948</td>\n",
       "      <td>0.595129</td>\n",
       "      <td>-0.007368</td>\n",
       "      <td>0.611441</td>\n",
       "      <td>-0.209847</td>\n",
       "      <td>0.456022</td>\n",
       "      <td>-0.494588</td>\n",
       "      <td>1.000000</td>\n",
       "      <td>0.910228</td>\n",
       "      <td>0.464741</td>\n",
       "      <td>-0.444413</td>\n",
       "      <td>0.488676</td>\n",
       "      <td>-0.381626</td>\n",
       "    </tr>\n",
       "    <tr>\n",
       "      <th>TAX</th>\n",
       "      <td>0.582764</td>\n",
       "      <td>-0.314563</td>\n",
       "      <td>0.720760</td>\n",
       "      <td>-0.035587</td>\n",
       "      <td>0.668023</td>\n",
       "      <td>-0.292048</td>\n",
       "      <td>0.506456</td>\n",
       "      <td>-0.534432</td>\n",
       "      <td>0.910228</td>\n",
       "      <td>1.000000</td>\n",
       "      <td>0.460853</td>\n",
       "      <td>-0.441808</td>\n",
       "      <td>0.543993</td>\n",
       "      <td>-0.468536</td>\n",
       "    </tr>\n",
       "    <tr>\n",
       "      <th>PTRATIO</th>\n",
       "      <td>0.289946</td>\n",
       "      <td>-0.391679</td>\n",
       "      <td>0.383248</td>\n",
       "      <td>-0.121515</td>\n",
       "      <td>0.188933</td>\n",
       "      <td>-0.355501</td>\n",
       "      <td>0.261515</td>\n",
       "      <td>-0.232471</td>\n",
       "      <td>0.464741</td>\n",
       "      <td>0.460853</td>\n",
       "      <td>1.000000</td>\n",
       "      <td>-0.177383</td>\n",
       "      <td>0.374044</td>\n",
       "      <td>-0.507787</td>\n",
       "    </tr>\n",
       "    <tr>\n",
       "      <th>B</th>\n",
       "      <td>-0.385064</td>\n",
       "      <td>0.175520</td>\n",
       "      <td>-0.356977</td>\n",
       "      <td>0.048788</td>\n",
       "      <td>-0.380051</td>\n",
       "      <td>0.128069</td>\n",
       "      <td>-0.273534</td>\n",
       "      <td>0.291512</td>\n",
       "      <td>-0.444413</td>\n",
       "      <td>-0.441808</td>\n",
       "      <td>-0.177383</td>\n",
       "      <td>1.000000</td>\n",
       "      <td>-0.366087</td>\n",
       "      <td>0.333461</td>\n",
       "    </tr>\n",
       "    <tr>\n",
       "      <th>LSTAT</th>\n",
       "      <td>0.455621</td>\n",
       "      <td>-0.412995</td>\n",
       "      <td>0.603800</td>\n",
       "      <td>-0.053929</td>\n",
       "      <td>0.590879</td>\n",
       "      <td>-0.613808</td>\n",
       "      <td>0.602339</td>\n",
       "      <td>-0.496996</td>\n",
       "      <td>0.488676</td>\n",
       "      <td>0.543993</td>\n",
       "      <td>0.374044</td>\n",
       "      <td>-0.366087</td>\n",
       "      <td>1.000000</td>\n",
       "      <td>-0.737663</td>\n",
       "    </tr>\n",
       "    <tr>\n",
       "      <th>target</th>\n",
       "      <td>-0.388305</td>\n",
       "      <td>0.360445</td>\n",
       "      <td>-0.483725</td>\n",
       "      <td>0.175260</td>\n",
       "      <td>-0.427321</td>\n",
       "      <td>0.695360</td>\n",
       "      <td>-0.376955</td>\n",
       "      <td>0.249929</td>\n",
       "      <td>-0.381626</td>\n",
       "      <td>-0.468536</td>\n",
       "      <td>-0.507787</td>\n",
       "      <td>0.333461</td>\n",
       "      <td>-0.737663</td>\n",
       "      <td>1.000000</td>\n",
       "    </tr>\n",
       "  </tbody>\n",
       "</table>\n",
       "</div>"
      ],
      "text/plain": [
       "             CRIM        ZN     INDUS      CHAS       NOX        RM       AGE  \\\n",
       "CRIM     1.000000 -0.200469  0.406583 -0.055892  0.420972 -0.219247  0.352734   \n",
       "ZN      -0.200469  1.000000 -0.533828 -0.042697 -0.516604  0.311991 -0.569537   \n",
       "INDUS    0.406583 -0.533828  1.000000  0.062938  0.763651 -0.391676  0.644779   \n",
       "CHAS    -0.055892 -0.042697  0.062938  1.000000  0.091203  0.091251  0.086518   \n",
       "NOX      0.420972 -0.516604  0.763651  0.091203  1.000000 -0.302188  0.731470   \n",
       "RM      -0.219247  0.311991 -0.391676  0.091251 -0.302188  1.000000 -0.240265   \n",
       "AGE      0.352734 -0.569537  0.644779  0.086518  0.731470 -0.240265  1.000000   \n",
       "DIS     -0.379670  0.664408 -0.708027 -0.099176 -0.769230  0.205246 -0.747881   \n",
       "RAD      0.625505 -0.311948  0.595129 -0.007368  0.611441 -0.209847  0.456022   \n",
       "TAX      0.582764 -0.314563  0.720760 -0.035587  0.668023 -0.292048  0.506456   \n",
       "PTRATIO  0.289946 -0.391679  0.383248 -0.121515  0.188933 -0.355501  0.261515   \n",
       "B       -0.385064  0.175520 -0.356977  0.048788 -0.380051  0.128069 -0.273534   \n",
       "LSTAT    0.455621 -0.412995  0.603800 -0.053929  0.590879 -0.613808  0.602339   \n",
       "target  -0.388305  0.360445 -0.483725  0.175260 -0.427321  0.695360 -0.376955   \n",
       "\n",
       "              DIS       RAD       TAX   PTRATIO         B     LSTAT    target  \n",
       "CRIM    -0.379670  0.625505  0.582764  0.289946 -0.385064  0.455621 -0.388305  \n",
       "ZN       0.664408 -0.311948 -0.314563 -0.391679  0.175520 -0.412995  0.360445  \n",
       "INDUS   -0.708027  0.595129  0.720760  0.383248 -0.356977  0.603800 -0.483725  \n",
       "CHAS    -0.099176 -0.007368 -0.035587 -0.121515  0.048788 -0.053929  0.175260  \n",
       "NOX     -0.769230  0.611441  0.668023  0.188933 -0.380051  0.590879 -0.427321  \n",
       "RM       0.205246 -0.209847 -0.292048 -0.355501  0.128069 -0.613808  0.695360  \n",
       "AGE     -0.747881  0.456022  0.506456  0.261515 -0.273534  0.602339 -0.376955  \n",
       "DIS      1.000000 -0.494588 -0.534432 -0.232471  0.291512 -0.496996  0.249929  \n",
       "RAD     -0.494588  1.000000  0.910228  0.464741 -0.444413  0.488676 -0.381626  \n",
       "TAX     -0.534432  0.910228  1.000000  0.460853 -0.441808  0.543993 -0.468536  \n",
       "PTRATIO -0.232471  0.464741  0.460853  1.000000 -0.177383  0.374044 -0.507787  \n",
       "B        0.291512 -0.444413 -0.441808 -0.177383  1.000000 -0.366087  0.333461  \n",
       "LSTAT   -0.496996  0.488676  0.543993  0.374044 -0.366087  1.000000 -0.737663  \n",
       "target   0.249929 -0.381626 -0.468536 -0.507787  0.333461 -0.737663  1.000000  "
      ]
     },
     "execution_count": 181,
     "metadata": {},
     "output_type": "execute_result"
    }
   ],
   "source": [
    "df.corr()"
   ]
  },
  {
   "cell_type": "markdown",
   "id": "da766a0c",
   "metadata": {},
   "source": [
    "# check multi-collinearity and relation"
   ]
  },
  {
   "cell_type": "code",
   "execution_count": 182,
   "id": "d4b47456",
   "metadata": {},
   "outputs": [
    {
     "data": {
      "text/plain": [
       "<AxesSubplot:>"
      ]
     },
     "execution_count": 182,
     "metadata": {},
     "output_type": "execute_result"
    },
    {
     "data": {
